3896109365832001398811089883081711837885915339280560481532861031613610522812774399131037988754163869676758105299106751012105101366703581447889531035830310518346778743964240105356526389671445371110324102150257210103222973328393002728917788289105801001835103122566938171049200101014332106941231668336258308637942131024967475415282490610110222
28424861551066662070741136037090110221754714039504382530818888185410701461761100559481210109131310953789103449994859333237710125126926149518981008710739107582445909673810808875765177521659161594450595670650232101056381120410017959771075107568612191088031017769691051837161097437000424237006316862859786576789932446110688942632568245531107
0856130797008375808940900710435992101371056441030876050116511010900836130973067610710599075512010786457729711014381104180107783871479492507322233710314990161741035898310441405726262799882389820626108519546850373751925097020103203817410590685105431098710410221918897104110105519259403118101010797515871710510806842608474758069973720548411045692798
510221511003998105478388110869312253860354202195311291010251004104510801104101041930081021310710765424665181096525078892283038102664274591065839910910103869716493551109489541021538286950060802494611201095161073978750258699970109405381546524923864769701102081047541573360292365918532106460010100894718355965192236981078499532600959533932931798894
714601104430105109101010069100043908940020518910210035770695461553521066103313812018009361107915675103726967405885896078278658397104722100388305108297488004822530976210914759210330614755038024453549509639941070288267547167074281043673104510221062445565718806155648910013949810286941065601036566024494996180817912100578334217989668828528136205
9271214104019510681010862007547856010766710106081236170878712314686699109204781063032652105359934615080103110108517373017833001085791044662197681326595798505110041031067456674698302710577863278410469241016099320571094690106644103511010106551027271102910288581933631001005368485733606942384119894101024128352110664059642131531932841075364898398831
30879641094462470142062110021571737422610871010041041052626109510590317105269116310010727102634048148276120231549448620661434108247540089469252587611111323105512531711023381073871510641113613410060020689927681612120833247100756201792662933103105910382997401052239710371069093936101091098853101335710080102396179263106189100110910409004208501464103032
98021066344410109713696984836964108052048433796663286656593054750522101522651094531831750651077110201063783100931997683628035310450652140109627102356678697791716067510602427860887131081008234281457414845311010550781351052089008256102321843654620382099458868244706206239658798284883903742228609781672810451059268109632051859101310470559250
771021008322635070568910810702435105102105924231013776666548768864100791048456941610363257101056710090101061015410700901084961101086107485101090208771603333164278731010107833107992519356261118774919134810105894618013981161975101002163543331184127177541015565317770909205017940489383168877749141026143810105101016104551106253760768286310106101737942
25631823367807128633293105611010992146066061186612807051026211938771181569649788867720228108292102036291001059692066960005061011053256241878100825077142469645861006628282619293581992863310101084110649631563971910758481838619470899651429077997276210949105108584607959496728575758751050439378331171085969301106678571107625971159398571030491
2771841019428618221159852472468627901370081337387701066310525950450124382877759642910810010231068603852863839105400597944109305101610101028101010129890912710106016272160404600348750361010710811085807779101012721773679698328597163109772689321540746209910102775106271791281093975102354032303682102310959772677378498014918210567861199860739095026711
85586822058103881040699851921274158110873914108846295101703619129523103563733046823743104665101024825072304036327677875579335746283107111022110573791651510510450506810730131946410839751205357719774821604104389185106980813159190697101886881023532134165577785194103879533503101051090102160107940910718316951547776785345711109510510368103867103653106
261804333259510172210108325231783425110810890184286772765785390688636576189107606544563878504932371800101843831307485230010433432323851083609499102930100747910931002483610643833610131104671101093722610469388330744104055506186010261567820943129455978851591061010981383410371179876366910106351210108460421389076824639812925866860559102665948050659
10416447690726497786367317722684752358101029193910970680019591058949102210106983105810481271022034946711025551073844474384947105497801010036410941102545932654061203747012122734560981550155109762464524077116135100842703410486910069410848351021088718661972810104137071045529782221247955954232895006533041036108985476212445170980104440138291531645
806537731072322173773323105480261910728102410094101816423200410103985348499107616932530964903216010729102087767754461010210586801314843941049109152375195721041039345170243821353666007901624795710235510141109868410210670310755104525035264100110421685896094121109104111568127293896205898104931065435224083227824167423673026480610710101002692910017675572
5110786662568467101073812456510110614774201014861541115018100640602109454808108918860499072103771097071625757106657921896900510109933542742105980410111010607792620268960021210103731008106054041010661031095424967691053785310157781065439203223918295510261008431084864559223704431831801071055052107105762281001231892901063484572649305411276421051010061072065
863276605797143901616334602668977094101421038340321174310171009166810210606278170104845961032771015766810714843455710663310107102641012010011096101089768306888450626881066956101042123360895714185479836594902946871005811879425665617687690639816959726858308960606468512126785208927356995129706914110114101022477510846135879139522810622461042102
54479101036270921027481001047065906921031758639620173275822105143176846716521054447657653080415106105177295384896610671384767100172619088303417101069393279616071010722847106100588095231096105725438232856108100096056704101096665126469574857977379165251014330376754789510064091691198107179101710424105770355254483827769010106594515784869637910223
1268732948301064610130810856912870934942063101349045791089960384778410810252581361760387273772112910823607901010919105312951051070680303225221031012126101851982107786424201021010693295102865107063815340148658104166894534916169468141024100818801014010522654991079504619692884995346442580506014718110032101098114105024088349022026763224104131610877
924100455260577873661010070535383910625440198104105175669701061059201723331971087897099075107350626583532108084910100103847093329513269750510286275210303181084103338610296208504558711474531830105781010607711632414744937610171061090846391936659160271447211109619592476310100586343555192167229069883904251075631091019138000903641737935499109101510881
597172913002232010157223105332768810067508105398923538830696865410104101083970116500484011071461016905791449832910691510088493878217462761081010302104951008310889710582507310810895678563693610439270951859459371071640040742020689216521810756495994276076125836807432051076451182451912877681426685764704100814951061045181691194100704108449323100106108
100106499334374892478740563710105045542179210950689286792441083243039281596979031021544331833921687726020943410710681030809935848775687206301051204631587292106542330378501095539613304661056017029612621360092699106943521056002619958381106826366120985049104102061036788809106221067650369637463277615610100597994103939694576825889956552610374448
767767717211087375100820881097145104761084062420112736010158101028871001964429336597161079610228405159341139662867111649633829274520049083450993499833101310510819068307101100141010101075842971103326453850269574710245216807026481055301989811034062081064101081755110693093210236619007319096744105827712548713405216462609772869499822631173448138
2069461880936841084758710079730249934155483803651906201887143885757108965010049461088468333656199967822871077853470491010610109994710096645392148003477388726648109166671061474210468975107084910937015305547161075684624781629810063710061717106063462203939910274492547450802021039100819582923840137975935108104662364935311009880121104710962101478
100983311023579357237710854990450914395361651019606582081092894100304109956996823052207835210108601025255101029589302060542107227768177321089105805681025108364994959330260273059105796747335643507871862941061020762637948110577787852286504108101701036464761047610158176914413381068293264792900888101766724709610899461014192799882814310302865437471
316468700100986006910271080697358821011023109251817648160943332906775670071039530043100141971918103084775035354857831011091110105200643539081089025614578102179725105719936881017501086253961081061090107010743004526103717947616904738958212260284511043109858893078543108968100113771281826945031035741061831098208386102810210802110375010821046000110244258
36969010939051001131710128811050369911021054875109510510704520733491864235288105731074492108210510313010985999210860318939631027358422103523451104500109870103723993691914678771025214074107690001006195951063287947101076400371774051221978631357724465021081083141051172109597101002026191018953234638002198186309800510234221081065607100933810003976827061001061
20230163533310301017738310245795101099071029652737310494171073362902981733023106501064235510491001882793510244979416728710312103422228131071739810312003133522670054710108373297371410275525229127456601101155307920976456697171272783678302815645102521391034950993102849125799681077810908272310108400210100324104210171752388679510327105770581483203102
841005733110371004371194110529798963792990655106882168791016200526501001323990108110363016601010953759882780108742463103991623894810163249143530441138270423916361015621020608090410278014856296394671091901071007354602743908944332694510510513605104985310512391065101009770538143693215701558723579107681081033852980152752403117548091024401080089391
854717492097004713048107108751099341062504109840180959103010820324210904401051054025104816487908219199467266054825710908224717408710556637049710274588601131041209009843874282045389969794105086230918308702929834521235451719173411670732248108101098923103613421025239730927694671952821076236107871010615154104283104952585788144977410114002571810
238293685491070676274788695302084798004488889442161074506886541109010010799970128001641080317131010315730743510332323038480943340463495502881826408101163754379236101076922407984110119249392346109022658471034640840702098965057753510294321095624308941141088300480010898062913512110064620833838109810103958926226765844103158401671005746006735
9167677061093476786381102322100751907810347910103356501787205407106181034510951005348070467100682105625033832565456776209468149728810213941943123109779455473109782750183489325935454075210310135000102593700310429087659399517396165234742094261092304283375781127967411071002594810076672604702791095103293900779581461999145361577139679741866982
53982246110642781064870410889295183651090498954021025594401014310649835181171088101191648102681010339088242510101031016100121011076108250103610430310090253108914102813010101434831021069565496973570668130152969253791368653105410094980056027710678012922403802207751025893715506126109396931681033610888456828410780109105932779103410101095345110148064414526216458
254437112291810164904126290588731010409262228152781107510107101067521542213947791171109610549946136008318359958192992007772710528516434910972616210081089276410008570185010710543849032101045903595831064352248795470713641041832505710896788830108010767010410311610421061091437125421675531015162159062039861051050710860452631087710757610073710810739961056
0103104573164494067101010566158915455415192621023661092151737958105035163474501562992384563534525304453916375196881041066048048352836252634692157003488400882069210497215108829059544812210210583466842101027861023591053611081173539254052948188618510101073672802665102015049956459109100790535934216102251055064536558041015103107193605810213555105
101036842105864100672108232571044778107450110646100810393337910256050943920441209090126479315777129761061091531430210214314105210683351403105438648488541079263404275771003432106106612010109010099106856962625489290101538849300827400540865764167804100960738151039021425378007107584760848100453974488479723910508947720861035747710254187255341010980325
3487838691092157320697102884265393574939881031710110810422294375227268310947933101058217410910312450230141031064021051010716772396110101104238511400790192403100634610516710106101013585391093768108010713782995211045099636563511038469556372861901914580141770030680523065211105119581819765102017900525228406165752969194087461743583105018753512510510924
9829453010108400644862733658910684610225410732025910102423363910109457210588790102849308667910103431108528550261085923711044256872671141084215262044110510198138103671010230101105245842120105445750453012910110109112990104648411010799108963183101778030811000420037961108337726065097710583101943120225211084112706733936106717224706741058740621069741036856
9362250471719641010518100218597275053807870327542787521057810427286271105090810710810778294477871007710228889310466226221036825087761027081910992589920107407685806109227244610353720695838862103101035508221016914336810891350523102866914871083300945122661034365337301441329164109977088006210448756417108879211810517286542107944261344208443438607679
7706910947671831567842361010123233405694709313076110919184591649394620825310510975662988106589010580610432282396619661010381250841048699105545717568666692100481449182025531410060902627222814449432350692426698888133111058041371410638061036696879921822107001001011021045219879501066916211096265291630336962041446109410239732550108092282390328411
541978634049944090101080691452023243998551099923935465331073802021072861053661088633106801064966681039164992561030996377898104770200358000387439329724441096489910973957710310712107103120459110061010808854100104582178754101036078105866623119722559036409803951568469445306145810100310678238536857197398576130108889683779106616294373351007064032156
21532497442921207530414651099558445663106685181055736103035541603674320332627841321596654133426920105539776637711010295101059619396969722392721081066341109281196516101034125041038761405740388490555352381208146855755083010252919813207751039668510558952005221866596527454569108386027550625102625340221634550681817927417105102993871030126064
9010787914610280513931934699959723269363261059386499401075723959360799465839110188101041010901611289320040430140395790103209990518641010291031008409236899274491044990101670874810544350585923352944853482292682274910821703797987976592090816230207810615661035155892983510586065108544817015210109781026183017113315099320545139633501951819104532
0579410103778697247090423673496653410734625829063977579241877963955642107410780804310537764103743810173489210107410241491045109108418106109134441055050200680826296291521057969374286191536470236566848708108683510251011178108905002185010294383369024421096220100998889476373786610662102224458581273681069630444768893077597210531020432498103799101070
11108558497105251353994104104585379321053110431810251826827047454475102395281930017619839171210103375301059588608610181079738109062718855527510381515668810027378914516912193228042100091033555414505171073124098103610926968105510366621075253105438299710103538210768056198830687238792101026611419004325744895944257621015474557710854210991004110102665101
595150056953841101937489850119495203279750726741056101010811102908671868465991797619599049105454212690440831010252710961501297155611914001136440807651039510516086010557107567401810316902162527125871090888102276241050989262504315173170601074708706710247671027910729225110395585423999481306741060356710656515140250717761369788279963551039460
610771910412803102131008261046285410164103610010774544108087141028473631489215731410106108102101033769109743901074576218109610973656892946856191062107677647801195198510792546100001097524793339601995018778036398113313310410419110383059915251109342997482741015207262084879920221034938261630320711016087998482674510760351731326047083421060391006983955843
0101587062446475113602668371036101110107942602388493884058490128701021305008027048907086101071854516041041021324110996101964325094901081067603814421084100376310514642351067413967676721779607610017654422271104390856104810915141041021013663710792358223456859381078379902594017480410806689210659124745128455906745720381104956609010410301155135671013
52410888108048105100831045176790681069234694374210917341010205341610609587888523848764909151103571077910961046250186108761797412559210222681095934903517174617019100231355101396533904156170669952453135264501357946257192157511031610838054518604266109991045851027807915095621038084180104923361010327101035739728110010531010990300010975168318751109140
10501037109191010698145108678194106610883411000681000725131851100625103575495101201380650354760191010031010624512101110294928109827926453910420341416754104587893181410596451010910108889314418429270997106210711600122299869361087186485514508610595401010538464829104594771366927478353573161581413470074383356042523048973326689027366515531045101081134486604
2960310082141206976472101020881766610108675310910002619600297101154838151094281010030253410810602496171447959776089138715801028558773216601066071012582617377981398785475557711052619472151021019508277618445904367914728986449910343775481645559871919296656641332327782951093103570109595418254706433526213871023105710219479994927507914862238068
91003064217700781651089941461011001841007433376359417065675186376824103084069261061895438181015101057109051170104210329502109037439202682936189770136775239210103109121931186810011648367808185640224920230106736897716107672455085794786796736033741387511081351010522103610303081106737260226141010390510671061010767316691078760068101679047901570784186
2674810742192331000976677022767072036881063410076010901681104911108620356101098846448413610164934353109310039558420528250000352410577567024749668452977632108803109194513579510613011081810010452610108866563310059465995892440411203337585884931057248259567641984860709364126510710140612553763115010243661929036363916436342421395950006731061066
09028541124112470087176030831178193261098693765238226474128810710999310949601593412191011791018110101054108608708360407033760493609554405727810173103610773111021815002476062163784102498911142547763077808046753417581316270258506585010101051071031020410971526568236103939810812341075610269858968500998032391077101010024212415677591010219682508724
69149406335685510349505303110350314151417834945101451010415987520068754638322108581098420736510182629421060517753354549548510118526396339797105597809435416332992820533865107546865207518595565509109989435629516390093592804510929491031195095457779151010000741951970827208366478830523500750370912052566201089794310691056999106234510293000983
32610106323505680389101000101027410898941798163808028507902810292142281095101081091027858010310105983553942337810236392470601065121429085618962134646781453925657253301069364107494110127821354387336179901044951251065152106243146304014193182873108101010210058139912669910371042176752104106133133910754005680052310332539588521552790438431021096892755
410623808410110654910137026173410344668468761923321099851591660384715471390861761077059321108322595765958397489371043324600343339720020087370671029784788510649102595628621109109546106921054112991531966606655942785101809530679589718595461073047749227871100721872891003107599587325710479752106818102010210088385105708157267910781010869664809763
8971010921069741812887512691084971105103497409716317737110827852437080373267119434710880541782101478776148171088850674981800901084579284051510441011928348597556522107161621037105227368721136498935755602151096723106531493785303932131999148110740910414325608432910460591017372092823641975275501081070201112110472106402056828822384591922160890
581912230210100822619293405357595906107940037101018210822828539802471041033868753626371000106121067610753106105102071061101100939355782485721758341365101032524757522316874021109769083273553276310107120029731997510105202824943484421030570504103541046016101141010957390027497579153392008923109610975717210792151045265825109710952813720441013829100071379
10449400523310911098078946351754922572401110087040510813040611615257604898883158510766940435595771779136108024827941076525210031061610107595042281079910159011023147107366731221322310474100201047231082771068811021011068454107272522436888373870411410910251266830339382148458881010488014144766877721881353010654553909010490893101210621009204632932
10121604812010713797420105681010002418951047931071010159018861092624105750487026838474802936105101073561047103325108829393993981240086482610162971279101011051010840106659210727508203282621310851961033687101010234006119038241070109557744772694378887740131069651297200555835594204661018318053076589146010394410233455802102491057896370810677137110272567236
049944109655118102789343806692203583033824186101051055964794032461783100789901043424124582826206047512101010902410121000668235381008850828297552210102836803406338109410050883871037710348778710060910045107152941323300268222268889874014110860871698887357082037227104110102100110921075391022807702105443109601107313429486273410609113310097845881900085
101644531010825224852400320020380145313765288355235580722551510246241505421066037293655445276753344579508411010832485221010100255349909155821036125781910102106094874126824996310491021010320710750335781136610593102059103481010559642314759988581536743086780176570910961036652531640253721618110214541085561016825522781079712353862940154844302216106
4845811367559411079068196527347221994398439536768837290414057966121037211091080591087083368614010091091442550910179310838857771009565927266710570431021041034710210010595108670300105298723658107100102102926934416511024408405356741010201061961370551110929900710678051020107027023452553102797044210367510448386110405021042500216920941732091015554104392445
0381163225379165143472339632782470239613610480421071888934428695409062790457018671036613763281010107710510215191659942215696910549678321853720735708910103409509102808919657961001510910321513188452310688800783210235810777210026271888928721510903340522108485026780347763693106298001765829510178743877488052028801066376810959632005734009631093
5376710763650546571742586985949844506013945967037819926095939510704996680935118101010088707105000577840376001003903657633381086435412794827108106054895522376747425353883240851010873798310530822043485772624428504107488533894311511040210977770343275254951112382106110937246915059091088118775560108937187728999010510210267764836335046462713
4710567515833108602456481001046288514061026463945107105423785242924279531251031681237912031367481241011100208800384901422710309845210229367660896481010741011985497772082730214100119919310248083557427027476110902711421910255270985104804437713221028565809644109107122879661480695887041010109407562510448753104283889661084190871844553518600707870210
277061278381038320464553662101108710424631010666280074774361080149356111012684481369495365745014345923942109628511156509643617100521857107251017031210351085814629973386100775642714487382618109875079483907049160735560192210394481026390521073283341659269897910830530062101007410243665509516059445998078115781810103610911557510487713251031058103
5378731004396918499103297876946635065465995104105179985201010101068225421011047507107428451047103887468052813710413804290473133053799102716068934530495450236579254532103541010313191061101510110010007601015874105361207703106840933615821480755864382188131031010101094013722991069151062832107294645099410925710821653927961001110421861022526604100731439
14791062445121019497172025991803722101010267574578145733110579366310967154202041026278060047061010895121055221055506165047547140108850910109305530021741111085683820100771020565610416717671287747605951071337404816252460710232108776791071060610410728107512633108464321107481012860100106963797109101505046882010709939232106674060789577624495522310095610
7075663384015995010847312785603276102050459610432036136485778817271385533228610139622309594511070394029002648965360391481058321010210337810108551970906446030610153663791101101056699961276118210049071973581010758806316850161031310103557091010144685757501562251026371064819923470962753944881830888412102889841064609849178691102399137482510532104
8107589511761917019690107595134286107469624647668333987730107383581091590101016421064130848041031755101101031272069171339106127543727051500110351060102635106027969201015061881179045100559773992612109522410206433886020084672107290201041026105830101873696429683908443481161014272891019409981051031102036025275605363010890721004101051452327810338
100165910934794411032641070100279949102983310884391064800850369114403180066103577110570621005368625783536651090109512571029828710094021299310863106766056662910891015510942139167629105910276710991010223431013665110274538354550881711110727731968943009149101095584310259010140736981050278995731043484021615141641076110928111052947785105257026912312401058158
2469848763698658110859498622339347141077516750107740348849075319632391042429660525448775478983410910649998910100779103121101041010202481271626106617610740890730060806590276105028073620107661221015970502591081589257028843651027495162608181021011210175716506891485053410406141102826992036787110880102993195642040108410681309141010481010364408238826537
231725684313102103521534460582101938157104112376866652547706499638210246956293391023956614728760503784825752110910802391010076020504746967734999481076567874100100050410806612337310109605446900080870577869810420931456104726418499746911043694311058230103601610810690710361420356642035105628645015456767107538201015130624710140168590044743415670
80910653384617386235412434229635145698986610671026749314957451010076108210108415778810710382673234015832076061079407587517882828912710595172035011010101084804189106027233279066420328800414010163497881058910410851034243162072591481397966637102577108455602852761945115100110434980583983166710210620548611076207103001098108699623801602410469335514928
54570107895316109770226568854628341043557225789478990101035101409106297211710044153524568106076687011531010897193461343517199076310231027833221070970681573261095942841093015015760341096110971230080381059716009223982103008982110681827181708101072134801007692949810237314968456608104717294726972505482108650854962776310101016610131104781466722046
3371732351590881003755808385849586010305151906481010441052910317141074368339610049473302311030476477055031005101525610774510103560006181012898403010799187410103721082840725088104741091010734181010833943274824410406561229467791006766885312657995104252636103206108165163331931010878813523809045111814768161097781083421080215108838103434541035235225628
0448911619674994705110686444238110709056189423428127832094105468284157210710071587571820772883784851058884620184710821995203922446054465404088757549787021651087195790066321044181066913108360925096060377204673172407101026874072110333500129108149871057451090612232411393906109709445321104664851552410475410746400625511170839445991019181064
121559181041009109204566660882584491722934132833727350322410017510809782381059940998568213197807775911910056100681410085276534101180104959107576609246101136098848633919551026109122076588104980971510571373522608721061109128930025159604105101510181570601122029505875491010081058610525741225101713704711031267521020610862814550106103102277107126742210
3103874564010551371077470210822341003815059318347024124101510665574539646241266640010867727707071444820681950393006411094133873905104488105681017832837341766657774370737092631310851043419571061330603115108010410342668104990922951770252369771038857103103920047755931010316150820775611087710790439644821057220955981046423105308109284369931077100033
27578362156375944698091053043101277176018901209451453081114017410701073251686711023339070109100179799162518407291044145634498378171070807266938217607210052741685805735103024106790072005174104265682106329544154616796836150510471038040653198950453793143926105079108763852104558477100010778238084981010436979171135004916814641705411036617021
10881438186101105880040359695170505010838914910590493412814693781054744335308098640052653462072711096815636727262936357583910957303610021527152437151254710622890580516703109101092789347350471021214895981731043831310252315591304575854453451781046524681106300775623591490818683105073100578013747135018050636438507310910061049104427540986785
8071454087630998042233047109782051012165607840108036921066498108977590722600563011826561010321002106071067831014286180939301061034581492121096891101087421085541246935617167889151694487938325031914010940646461087010086107444740637461031014910961737314710210810286771158669109102106097593596953120107093489491964901181357869602783406598805107736510
5106620987173466438571030696891913610107615471859110115480503326652563104590640376782102251610708394291010801030625742425335269060241007257243856674740790418334198108888626423726678268100482798065765619040907122100043931810727810271010341910103246810283131002719425936103863104904076927022728234363993289546589196109508007225669310102109110